bull 653 1886 605 1732 523 1520 485 994 731 1449 865 1681 827 1285 861 636 1073 1230 1135 1538 1186 1155 1329 547 1459 1182 1421 1592 1527 1244 1773 738 1777 1322 1685 1671 1685 2139 2012 1999 2388 1866 2200 2159 1982 2368
bull 588 1780 581 1613 475 1360 451 824 670 1275 827 1551 813 1134 868 513 1029 1104 1090 1449 1189 1052 1316 465 1401 1093 1363 1524 1544 1206 1821 725 1739 1285 1613 1602 1596 2122 1948 2053 2351 2050 2091 2282 1825 2422
bull 581 2023 547 1852 410 1626 301 1134 574 1538 779 1777 725 1357 708 742 923 1305 1042 1626 1131 1234 1254 632 1343 1251 1322 1674 1459 1312 1695 810 1681 1397 1562 1739 1592 2183 1951 2074 2327 1941 2129 2241 1917 2457
bull 550 1637 533 1473 431 1254 369 731 612 1186 772 1432 776 1011 848 383 988 984 1046 1316 1158 929 1319 328 1374 964 1316 1391 1490 1049 1739 564 1685 1114 1548 1466 1555 1954 1927 1900 2347 1913 2098 2129 1838 2275
bull 516 1688 475 1531 400 1319 369 796 608 1244 762 1476 752 1080 844 444 1001 1049 1046 1360 1141 981 1336 386 1408 1035 1333 1435 1469 1107 1760 612 1719 1216 1599 1555 1579 2033 1934 1941 2351 1889 2108 2135 1845 2303
cat 616 1867 601 1746 502 1462 446 968 674 1414 806 1606 818 1229 927 662 1031 1262 1069 1495 1127 1092 1279 545 1353 1156 1317 1553 1436 1219 1695 758 1649 1318 1576 1604 1560 2022 1834 1855 2186 1619 2019 1976 1804 2295
cat 575 1920 552 1817 464 1619 390 1102 644 1518 796 1718 803 1323 940 761 1023 1323 1051 1606 1087 1204 1236 654 1332 1244 1297 1639 1406 1313 1631 821 1634 1373 1555 1665 1558 2085 1781 1931 2062 1649 1999 2057 1781 2409
cat 606 1986 583 1877 499 1649 456 1153 689 1551 808 1771 828 1396 947 826 1061 1419 1079 1670 1143 1287 1317 735 1368 1366 1325 1733 1454 1394 1712 953 1690 1480 1568 1812 1540 2199 1760 2042 2059 1771 1978 2171 1768 2475
cat 702 2002 689 1860 611 1571 583 1087 780 1535 904 1746 932 1358 1069 788 1145 1381 1155 1629 1211 1249 1376 677 1444 1292 1408 1680 1515 1363 1758 857 1733 1406 1636 1715 1629 2128 1879 1931 2188 1677 2105 2047 1897 2402
cat 557 2075 555 1958 481 1665 469 1176 654 1624 775 1855 821 1467 996 915 1018 1495 1026 1756 1110 1389 1325 824 1348 1449 1277 1824 1424 1530 1753 1037 1652 1624 1535 1920 1512 2293 1760 2118 2095 1908 1935 2275 1700 2559
deer 816 1703 788 1619 669 1457 492 1052 808 1335 1008 1525 985 1209 998 657 1160 1183 1244 1477 1269 1153 1391 581 1487 1140 1482 1498 1593 1209 1839 776 1801 1282 1702 1543 1687 1933 1907 1837 2191 1617 2092 1936 1852 2184
deer 494 1855 487 1776 393 1563 264 1153 537 1465 694 1695 664 1358 659 806 831 1290 927 1599 1031 1247 1198 705 1180 1287 1155 1606 1312 1325 1571 867 1474 1376 1376 1617 1358 2002 1548 1789 1786 1586 1700 1926 1553 2247
deer 823 1685 813 1579 727 1371 664 958 887 1292 1018 1518 996 1181 1046 644 1178 1135 1229 1427 1312 1100 1469 540 1495 1090 1474 1457 1591 1145 1844 715 1773 1214 1687 1465 1677 1867 1857 1687 2085 1442 2037 1784 1882 2108
deer 573 1457 593 1363 573 1145 593 712 747 1107 811 1356 892 1042 1110 512 1084 1037 1036 1328 1218 994 1535 540 1416 1067 1274 1391 1517 1143 1902 842 1690 1270 1500 1462 1360 1844 1639 1731 1938 1609 1755 1903 1497 2143
deer 626 1665 641 1579 606 1384 570 943 752 1323 856 1566 902 1216 996 687 1054 1209 1067 1500 1196 1176 1335 636 1327 1204 1284 1541 1429 1282 1690 831 1598 1335 1497 1622 1424 1976 1695 1814 1976 1698 1814 1981 1619 2209
dolphin 649 1992 605 1835 458 1626 311 1162 626 1524 827 1729 728 1305 711 707 967 1251 1094 1579 1138 1162 1281 543 1387 1169 1398 1572 1555 1247 1811 745 1804 1326 1685 1667 1702 2040 1951 1814 2286 1585 2183 1944 2006 2241
dolphin 704 2077 649 1920 492 1739 311 1281 646 1602 868 1811 735 1404 663 779 964 1305 1117 1626 1141 1193 1271 567 1408 1193 1425 1589 1544 1254 1767 725 1794 1319 1722 1657 1777 1992 2002 1756 2313 1479 2245 1855 2108 2146
dolphin 615 1859 585 1725 451 1520 325 1029 626 1387 848 1626 783 1223 813 595 1022 1165 1117 1527 1193 1131 1377 516 1445 1148 1415 1579 1579 1275 1893 796 1821 1370 1674 1661 1609 2091 1889 1910 2258 1749 2105 2077 1859 2310
dolphin 612 1770 581 1626 451 1415 342 923 632 1305 834 1534 772 1134 776 513 1005 1073 1138 1432 1176 1032 1339 417 1432 1046 1421 1476 1661 1172 2006 752 1886 1268 1691 1596 1609 1971 1886 1784 2241 1609 2094 1954 1869 2197
dolphin 591 1965 557 1825 424 1637 304 1152 585 1517 759 1756 742 1302 783 677 974 1261 1029 1589 1073 1169 1237 543 1319 1189 1319 1568 1442 1240 1674 714 1681 1316 1606 1630 1644 1978 1883 1743 2170 1476 2112 1831 1975 2132
dragon 783 1777 752 1623 639 1421 533 1005 793 1319 974 1507 967 1138 1042 636 1182 1117 1230 1408 1312 1066 1565 574 1531 1114 1476 1507 1681 1213 2033 844 1886 1309 1708 1613 1671 1934 1907 1814 2200 1698 2071 1965 1889 2149
dragon 827 1743 738 1626 578 1503 332 1162 684 1353 926 1479 779 1128 646 625 950 1042 1111 1285 1049 916 1042 369 1251 882 1374 1275 1428 940 1565 424 1637 960 1623 1275 1732 1582 1869 1333 2084 1083 2064 1384 1995 1654
dragon 643 1866 615 1743 526 1572 407 1152 673 1449 848 1650 841 1288 909 762 1049 1251 1097 1544 1179 1186 1374 673 1398 1220 1353 1637 1548 1346 1886 953 1743 1449 1585 1746 1562 2098 1828 1995 2156 1886 1965 2156 1767 2320
dragon 820 1985 742 1855 571 1712 352 1370 680 1572 923 1732 789 1360 690 865 977 1271 1128 1551 1128 1172 1210 619 1353 1148 1418 1551 1493 1230 1681 738 1708 1268 1661 1582 1712 1896 1889 1702 2146 1459 2098 1773 1989 2012
dragon 861 1695 803 1579 670 1415 526 1049 793 1309 988 1486 854 1131 718 615 1022 1029 1165 1281 1104 912 1097 362 1305 882 1425 1254 1466 902 1568 410 1664 912 1671 1244 1767 1527 1896 1309 2115 1042 2098 1367 2040 1616
eagle 639 2095 585 1938 426 1761 254 1381 598 1647 785 1822 689 1427 585 836 902 1323 1021 1576 1013 1221 1069 634 1234 1209 1289 1538 1358 1204 1487 697 1593 1211 1565 1543 1692 1900 1907 1685 2229 1454 2120 1796 2006 2186
eagle 659 1991 636 1893 532 1675 403 1252 697 1594 866 1779 879 1351 940 776 1087 1358 1130 1606 1191 1277 1376 700 1429 1300 1413 1632 1558 1340 1809 877 1771 1422 1667 1693 1677 2105 1892 1870 2209 1700 2062 1981 1854 2359
eagle 641 1882 656 1718 595 1467 555 1059 783 1447 879 1667 907 1219 1003 652 1122 1234 1175 1505 1234 1186 1419 596 1444 1199 1434 1538 1593 1254 1864 788 1806 1315 1682 1604 1695 2034 1933 1822 2216 1649 2069 1951 1872 2331
eagle 684 2014 633 1822 492 1624 340 1237 671 1520 844 1700 755 1318 679 723 963 1219 1064 1480 1069 1128 1135 533 1277 1110 1330 1442 1416 1102 1573 614 1659 1140 1611 1462 1738 1829 1973 1581 2305 1376 2173 1695 2062 2088
eagle 692 1974 671 1829 575 1594 459 1158 720 1508 859 1713 882 1318 955 715 1112 1297 1158 1535 1236 1229 1462 657 1469 1242 1439 1576 1598 1302 1869 844 1814 1373 1677 1680 1697 2070 1981 1905 2310 1766 2125 2055 1859 2422
elephant 554 1736 503 1606 339 1442 127 1042 485 1305 752 1466 735 1090 755 492 957 1049 1063 1346 1124 1008 1302 444 1353 1039 1326 1456 1620 1230 2019 892 1814 1329 1585 1623 1544 2197 1992 2402 2368 2576 2033 2627 1702 2593
elephant 526 1893 496 1746 414 1561 315 1145 578 1483 704 1681 759 1278 878 684 991 1268 1015 1538 1073 1203 1264 612 1302 1230 1278 1633 1510 1363 1876 977 1715 1459 1524 1763 1514 2252 1855 2163 2269 2070 2047 2316 1777 2508
elephant 619 1801 561 1678 438 1538 233 1148 578 1425 810 1568 820 1186 895 591 1039 1155 1111 1445 1189 1114 1391 533 1418 1141 1387 1538 1637 1261 1999 892 1835 1363 1633 1671 1596 2146 1995 2125 2409 2081 2142 2320 1866 2477
elephant 561 1773 513 1637 383 1462 233 1056 564 1339 742 1524 728 1138 786 543 974 1083 1039 1370 1066 1018 1199 441 1316 1029 1326 1462 1483 1165 1794 728 1719 1237 1589 1561 1572 2057 1896 1947 2279 1818 2105 2091 1876 2303
elephant 636 1992 561 1831 427 1664 260 1257 598 1534 783 1702 813 1305 885 704 1059 1268 1114 1538 1162 1210 1346 608 1421 1216 1384 1616 1562 1305 1869 882 1794 1377 1667 1695 1715 2255 2091 2183 2498 2146 2231 2402 1975 2579
emu 605 1947 578 1760 482 1551 393 1083 684 1456 861 1678 848 1319 984 738 1114 1302 1165 1572 1223 1220 1469 663 1531 1271 1459 1695 1637 1411 1951 988 1889 1541 1749 1838 1674 2275 1954 2125 2361 2016 2156 2357 1917 2617
emu 561 1913 537 1753 431 1579 380 1073 636 1432 769 1681 725 1322 827 721 998 1275 1042 1527 1063 1186 1186 588 1333 1196 1319 1620 1456 1322 1678 834 1667 1380 1555 1695 1548 2118 1903 1958 2327 1855 2101 2142 1896 2388
emu 561 1643 578 1486 567 1271 649 793 776 1240 830 1503 895 1158 1165 602 1155 1172 1128 1479 1172 1104 1398 537 1469 1134 1401 1551 1534 1295 1869 899 1818 1428 1708 1688 1568 2115 1801 1965 2252 1927 2019 2149 1784 2388
emu 567 1937 533 1773 427 1561 356 1059 656 1438 820 1674 752 1329 793 738 1015 1254 1090 1527 1066 1199 1124 602 1336 1175 1398 1630 1452 1353 1620 895 1708 1391 1633 1684 1620 2084 1869 1944 2221 1780 2098 2101 1913 2364
emu 598 1859 557 1715 451 1531 345 1039 663 1418 854 1616 772 1261 810 673 1022 1199 1128 1456 1148 1107 1285 537 1411 1124 1415 1551 1548 1247 1794 779 1773 1326 1671 1623 1644 1982 1917 1828 2289 1643 2153 1951 1978 2200
jellyfish 865 2139 762 2050 567 1975 188 1623 629 1794 871 1848 605 1654 274 1244 745 1493 977 1647 772 1353 475 861 957 1203 1182 1490 1090 1186 998 639 1329 1090 1435 1397 1678 1654 1801 1397 1982 1073 2036 1415 2016 1698
jellyfish 636 1773 632 1654 561 1476 557 1015 728 1421 851 1630 851 1298 950 783 1022 1281 1097 1582 1172 1210 1322 670 1343 1227 1329 1626 1517 1350 1828 926 1698 1449 1534 1729 1503 2115 1787 2033 2112 1958 1924 2187 1708 2337
jellyfish 622 1743 615 1596 530 1404 489 970 701 1343 858 1558 854 1240 953 725 1029 1237 1100 1517 1234 1182 1459 653 1408 1234 1329 1585 1562 1319 1920 947 1722 1445 1514 1715 1469 2053 1794 2040 2153 2016 1910 2224 1667 2337
jellyfish 748 2176 656 2057 465 1944 192 1592 585 1787 817 1889 615 1620 410 1121 800 1493 964 1684 830 1363 649 803 1049 1240 1203 1579 1196 1257 1237 718 1445 1240 1466 1555 1640 1831 1801 1596 2060 1339 2036 1661 1971 1934
jellyfish 731 2101 636 1965 455 1828 233 1473 602 1695 807 1825 626 1507 451 1011 786 1374 912 1541 783 1254 632 735 1008 1152 1182 1490 1158 1169 1196 643 1411 1155 1456 1473 1644 1736 1780 1503 2012 1237 2023 1565 1958 1828
kangaroo 877 1964 846 1852 709 1667 552 1219 851 1568 991 1748 907 1373 851 791 1087 1325 1150 1525 1110 1178 1099 586 1325 1173 1386 1528 1431 1168 1581 667 1646 1194 1629 1538 1690 1832 1862 1634 2115 1338 2067 1649 1961 1946
kangaroo 649 1860 651 1748 565 1528 527 1064 740 1447 826 1665 816 1282 887 702 1016 1242 1023 1460 1036 1133 1127 548 1262 1125 1277 1543 1363 1206 1578 733 1565 1257 1484 1617 1497 1979 1687 1751 1996 1492 1864 1852 1715 2138
kangaroo 798 1931 783 1829 659 1632 530 1199 796 1543 955 1731 884 1358 859 771 1072 1313 1110 1543 1089 1189 1115 581 1297 1161 1350 1535 1431 1183 1601 690 1621 1204 1586 1551 1641 1903 1798 1647 2059 1361 2014 1703 1938 2002
kangaroo 626 1774 628 1687 547 1442 519 981 720 1381 823 1604 844 1221 935 647 1036 1219 1049 1475 1099 1105 1267 545 1325 1125 1284 1546 1401 1219 1649 758 1616 1257 1507 1614 1472 2022 1692 1817 2044 1629 1862 1961 1629 2242
kangaroo 894 1865 879 1756 773 1528 687 1072 920 1449 1046 1649 1006 1259 1029 685 1188 1239 1218 1454 1221 1095 1279 497 1426 1100 1451 1457 1560 1110 1766 629 1778 1156 1705 1490 1738 1837 1877 1541 2158 1305 2077 1599 1986 1953
kenge 542 1969 507 1829 383 1627 165 1130 532 1508 740 1657 646 1308 504 591 872 1219 1059 1505 1092 1082 1216 338 1327 1090 1363 1462 1535 1156 1814 624 1733 1262 1588 1693 1657 2075 1945 1895 2366 1655 2206 1979 1917 2442
kenge 560 2067 530 1872 403 1634 203 1115 583 1523 747 1675 674 1340 563 682 920 1267 1023 1553 1051 1133 1191 449 1348 1118 1345 1533 1550 1262 1925 761 1791 1368 1624 1713 1631 2131 2019 2045 2475 1913 2173 2237 1872 2538
kenge 560 2012 522 1872 388 1700 228 1206 565 1558 758 1715 664 1371 532 669 899 1254 1084 1492 1089 1145 1224 426 1370 1163 1386 1495 1507 1194 1811 682 1740 1300 1634 1660 1690 2055 2026 1956 2465 1819 2239 2108 1874 2576
kenge 674 1794 679 1599 618 1353 547 826 801 1272 915 1472 937 1125 991 446 1178 1062 1203 1384 1343 1011 1624 340 1588 1047 1500 1439 1753 1183 2150 738 1976 1290 1738 1682 1692 2118 2052 2002 2470 1905 2234 2171 1950 2450
kenge 481 1893 456 1746 362 1520 208 1052 542 1404 656 1558 641 1265 565 588 889 1209 988 1482 1023 1087 1226 358 1267 1092 1277 1492 1525 1259 1915 715 1758 1338 1596 1634 1555 2207 1907 1953 2348 1779 2105 2075 1836 2404
kiwi 735 1811 701 1681 574 1483 458 1100 721 1384 902 1589 851 1206 844 680 1039 1158 1117 1428 1145 1073 1220 523 1360 1070 1391 1432 1582 1124 1811 711 1777 1199 1650 1503 1702 1917 1965 1766 2293 1667 2135 1913 1951 2108
kiwi 769 1818 721 1681 605 1507 485 1128 748 1415 933 1599 868 1210 844 670 1056 1155 1135 1415 1135 1056 1186 516 1350 1052 1408 1404 1541 1104 1746 632 1753 1162 1674 1479 1777 1876 2002 1674 2313 1575 2173 1821 2019 2050
kiwi 694 1848 649 1705 544 1558 414 1158 680 1445 871 1620 827 1247 841 725 1018 1206 1111 1476 1152 1117 1271 588 1374 1131 1374 1500 1585 1213 1859 824 1760 1302 1609 1592 1650 2029 1951 1937 2317 1872 2108 2094 1913 2245
kiwi 670 1965 636 1825 523 1661 397 1261 660 1565 837 1736 776 1357 755 824 964 1295 1046 1565 1063 1206 1138 666 1292 1210 1316 1565 1449 1264 1667 820 1671 1329 1572 1609 1626 2036 1879 1917 2231 1794 2057 2060 1889 2234
kiwi 670 1780 639 1647 530 1452 421 1059 663 1360 844 1548 789 1172 789 649 977 1107 1056 1391 1083 1029 1148 509 1288 1025 1319 1411 1418 1114 1568 656 1637 1152 1568 1449 1640 1910 1845 1698 2115 1548 2006 1794 1845 2016
lion 770 1951 755 1812 644 1538 545 1077 811 1487 975 1700 968 1361 1006 738 1160 1343 1236 1619 1262 1305 1345 672 1469 1315 1495 1672 1603 1394 1826 897 1814 1439 1728 1761 1690 2242 2026 2232 2416 2202 2153 2381 1768 2574
lion 580 2126 530 1971 362 1769 114 1328 522 1660 730 1827 694 1465 712 842 894 1439 1003 1700 1061 1373 1201 748 1279 1373 1277 1748 1406 1457 1634 953 1609 1492 1517 1791 1479 2270 1763 2090 2085 1908 1900 2214 1728 2440
lion 737 1979 694 1809 542 1573 332 1133 659 1475 869 1670 889 1282 970 664 1072 1275 1135 1558 1224 1219 1396 603 1426 1229 1408 1599 1550 1302 1811 824 1763 1348 1639 1634 1581 2103 1897 1926 2216 1769 2042 2047 1844 2229
lion 661 1996 646 1867 542 1604 449 1120 727 1548 874 1784 894 1424 993 821 1102 1422 1143 1708 1198 1414 1343 781 1406 1414 1398 1781 1484 1518 1697 1016 1679 1548 1611 1852 1555 2397 1958 2427 2338 2543 1991 2619 1636 2754
lion 608 1943 623 1796 611 1508 671 1037 758 1500 849 1725 985 1340 1239 788 1175 1386 1143 1657 1317 1330 1654 786 1515 1391 1408 1720 1631 1465 2029 1069 1804 1586 1619 1852 1522 2300 1839 2207 2226 2123 1953 2338 1626 2571
lizard 522 2083 514 1964 441 1705 388 1173 644 1614 768 1822 785 1465 887 814 1044 1437 1039 1657 1097 1290 1267 672 1383 1302 1315 1687 1419 1308 1636 793 1667 1373 1591 1725 1611 2174 1771 1953 1993 1617 1993 2017 1917 2435
lizard 504 1713 469 1586 355 1335 188 824 532 1219 742 1442 813 1037 978 411 1041 1064 1034 1366 1170 968 1441 340 1396 991 1297 1404 1477 1039 1755 512 1717 1107 1581 1460 1489 1971 1717 1725 1986 1422 1887 1877 1720 2316
lizard 481 1844 512 1677 487 1437 535 874 677 1409 735 1639 801 1282 970 598 1051 1262 1026 1561 1173 1153 1391 515 1388 1194 1287 1553 1446 1209 1735 664 1692 1287 1545 1591 1492 2110 1659 1824 1948 1535 1872 1951 1695 2417
lizard 522 2093 499 1964 411 1766 312 1221 603 1670 768 1852 742 1480 823 824 1006 1437 1021 1698 1077 1313 1279 690 1355 1328 1302 1698 1398 1338 1657 804 1659 1394 1591 1725 1603 2174 1755 1946 1966 1624 1986 2004 1912 2445
lizard 532 2004 512 1867 438 1639 352 1118 633 1558 775 1774 780 1406 912 743 1046 1394 1046 1647 1115 1270 1332 611 1398 1275 1322 1655 1449 1300 1697 755 1705 1313 1619 1675 1619 2164 1763 1918 1996 1586 1968 2007 1882 2445
monkey 458 1862 431 1702 335 1497 267 994 533 1387 714 1616 687 1264 694 615 919 1223 991 1534 1008 1155 1107 506 1244 1162 1285 1551 1473 1251 1760 755 1726 1329 1582 1657 1551 2231 1941 2248 2381 2180 2118 2446 1773 2603
monkey 653 1971 612 1804 496 1602 383 1114 667 1503 837 1749 728 1367 598 738 933 1264 1035 1544 988 1172 984 526 1240 1131 1353 1538 1462 1186 1623 615 1719 1220 1667 1572 1780 2146 2112 1958 2487 1797 2340 2111 2132 2385
monkey 585 2023 533 1883 397 1712 219 1230 554 1568 745 1784 595 1438 373 841 803 1312 947 1565 854 1199 789 550 1111 1145 1261 1510 1329 1165 1432 571 1592 1162 1579 1510 1767 2047 2101 1866 2491 1664 2344 1985 2159 2265
monkey 434 1941 397 1794 270 1582 161 1090 458 1459 677 1678 626 1319 598 673 851 1254 947 1544 991 1158 1141 523 1244 1179 1261 1596 1476 1281 1770 779 1702 1370 1551 1712 1565 2269 1937 2293 2371 2217 2142 2467 1835 2624
monkey 513 1985 482 1825 386 1609 311 1138 540 1520 701 1766 591 1404 441 789 796 1292 912 1582 854 1193 834 561 1111 1134 1220 1565 1316 1210 1435 643 1575 1230 1534 1561 1698 2159 2040 2033 2457 1869 2265 2176 2019 2439
panda 748 1712 731 1568 639 1357 598 940 810 1298 971 1517 1032 1158 1172 619 1223 1162 1234 1479 1339 1152 1517 612 1541 1196 1476 1585 1644 1298 1910 885 1842 1380 1712 1681 1599 2094 1852 1982 2200 1920 1999 2125 1763 2293
panda 772 1719 748 1575 649 1367 550 957 789 1295 977 1500 994 1162 1015 622 1172 1134 1223 1408 1275 1090 1350 581 1456 1093 1476 1486 1555 1186 1681 755 1746 1216 1719 1551 1691 2057 1879 1893 2176 1787 2057 2033 1862 2248
panda 759 1637 735 1486 632 1292 557 868 789 1213 967 1428 1008 1042 1117 520 1199 1046 1234 1367 1326 1018 1466 479 1531 1042 1507 1459 1654 1152 1900 748 1855 1220 1743 1527 1640 1995 1876 1883 2238 1770 2040 2012 1825 2187
panda 735 2047 748 1903 704 1695 725 1278 871 1657 943 1869 967 1510 1063 940 1172 1469 1189 1763 1230 1404 1357 878 1469 1418 1445 1828 1531 1503 1712 1056 1749 1558 1661 1896 1647 2269 1848 2077 2139 1927 2040 2234 1872 2463
panda 704 1746 684 1592 598 1397 561 970 762 1322 899 1524 916 1162 991 612 1131 1131 1162 1425 1199 1066 1316 530 1442 1090 1418 1466 1510 1152 1698 711 1743 1210 1661 1541 1644 1889 1811 1715 2118 1589 2019 1879 1852 2105
panther 608 1822 590 1715 492 1462 454 981 682 1394 811 1627 768 1277 770 679 973 1224 1021 1465 1039 1085 1105 520 1300 1087 1320 1492 1540 1201 1791 702 1768 1290 1646 1551 1588 2024 1890 1819 2234 1614 2097 2004 1821 2374
panther 522 2055 522 1936 459 1619 469 1100 651 1553 755 1758 780 1470 930 877 1021 1480 1044 1698 1145 1399 1393 819 1421 1447 1338 1794 1543 1546 1872 1102 1766 1682 1593 1964 1472 2445 1705 2351 2156 2222 1902 2556 1576 2830
panther 583 1776 560 1657 507 1404 522 920 689 1368 803 1601 808 1234 907 677 1008 1181 1029 1500 1150 1128 1335 586 1373 1166 1307 1553 1616 1325 1978 915 1786 1462 1563 1806 1472 2128 1826 2004 2226 1885 1966 2212 1624 2470
panther 664 1974 659 1850 601 1573 626 1052 808 1495 917 1703 937 1414 1084 826 1175 1409 1188 1627 1292 1310 1495 750 1545 1351 1457 1695 1768 1482 2107 1100 1966 1647 1743 1941 1641 2366 1935 2245 2302 2156 2087 2462 1728 2746
panther 601 1799 583 1672 517 1427 502 918 707 1368 818 1581 826 1244 940 662 1031 1214 1061 1477 1165 1133 1355 548 1391 1178 1343 1546 1611 1305 1958 859 1809 1437 1624 1675 1502 2085 1831 1941 2181 1763 1966 2148 1672 2457
polar_bear 626 1732 622 1561 557 1329 523 817 759 1264 878 1534 899 1097 1039 513 1141 1093 1145 1421 1217 1029 1408 441 1462 1059 1425 1462 1541 1117 1780 615 1784 1182 1705 1531 1691 1982 2023 1862 2412 1705 2228 2026 1978 2241
polar_bear 574 1592 591 1432 561 1172 608 680 769 1138 827 1418 865 984 1015 390 1104 974 1114 1254 1176 851 1363 287 1418 878 1391 1309 1517 943 1787 458 1770 1015 1667 1384 1657 1777 1978 1599 2344 1432 2183 1756 1958 2009
polar_bear 557 1828 540 1678 448 1445 369 929 646 1370 776 1616 769 1193 854 574 1001 1169 1035 1462 1087 1059 1234 458 1333 1070 1322 1476 1449 1124 1691 605 1688 1189 1606 1534 1633 1965 1920 1763 2262 1538 2129 1883 1927 2135
polar_bear 574 1801 581 1647 526 1397 547 895 731 1360 810 1626 837 1186 981 598 1076 1175 1076 1490 1138 1087 1309 502 1380 1107 1333 1524 1473 1158 1722 666 1712 1240 1616 1609 1661 2050 1985 1886 2340 1739 2166 2047 1913 2282
polar_bear 544 1903 540 1739 451 1510 373 981 646 1425 793 1674 800 1268 923 639 1046 1264 1046 1544 1121 1155 1319 550 1374 1189 1343 1585 1473 1251 1746 731 1702 1339 1613 1671 1599 2081 1948 1893 2303 1760 2139 2040 1876 2293
rabbit 872 1905 864 1794 740 1563 697 1183 907 1498 1044 1687 975 1287 1039 690 1198 1239 1241 1477 1206 1097 1289 517 1441 1085 1479 1470 1512 1064 1652 548 1743 1102 1720 1470 1836 1867 1925 1558 2176 1234 2140 1632 2107 2029
rabbit 633 2037 644 1920 570 1680 601 1292 768 1639 834 1850 854 1462 1039 907 1072 1472 1069 1723 1170 1346 1381 829 1376 1376 1307 1796 1426 1447 1687 966 1652 1533 1568 1837 1530 2308 1788 2115 2150 1933 1953 2260 1763 2498
rabbit 755 1847 740 1728 626 1525 545 1138 788 1447 927 1644 864 1247 904 647 1087 1206 1160 1487 1216 1077 1383 517 1444 1097 1411 1495 1535 1105 1773 606 1760 1161 1672 1515 1722 1948 1920 1660 2226 1422 2105 1771 1963 2189
rabbit 649 2184 641 2047 580 1832 590 1427 760 1753 821 1953 839 1561 983 999 1039 1556 1046 1804 1160 1462 1320 892 1363 1447 1320 1865 1426 1495 1603 996 1626 1508 1550 1875 1555 2308 1738 2065 2057 1822 1930 2126 1798 2424
rabbit 730 1956 722 1834 626 1573 616 1227 806 1551 910 1763 894 1346 973 766 1099 1335 1143 1601 1158 1224 1287 639 1378 1224 1373 1594 1472 1214 1697 712 1702 1252 1621 1601 1697 2039 1854 1776 2143 1470 2052 1855 1940 2265
slow_loris 664 1948 661 1806 557 1538 525 1009 760 1457 877 1687 887 1333 991 679 1112 1305 1132 1571 1180 1224 1462 538 1439 1237 1408 1604 1502 1308 1771 788 1760 1373 1677 1703 1702 2171 1882 1941 2237 1665 2102 2080 1945 2508
slow_loris 694 1832 689 1685 580 1411 512 895 778 1358 907 1573 945 1209 1051 586 1153 1216 1168 1482 1259 1138 1515 492 1507 1173 1449 1543 1571 1249 1874 743 1811 1328 1687 1670 1677 2133 1976 1946 2444 1809 2163 2138 1892 2493
slow_loris 507 1675 525 1538 461 1252 469 738 687 1214 775 1422 869 1105 1110 530 1102 1097 1064 1391 1208 1067 1538 512 1462 1133 1322 1485 1540 1214 1897 804 1773 1328 1560 1642 1487 2105 1766 1969 2166 1895 1879 2227 1555 2521
slow_loris 532 1611 550 1472 492 1214 517 679 707 1153 816 1368 892 1064 1110 464 1117 1087 1087 1333 1213 1049 1543 464 1462 1102 1355 1434 1543 1211 1928 768 1771 1328 1581 1629 1500 2060 1766 1928 2186 1865 1890 2166 1555 2475
slow_loris 557 1614 580 1457 504 1191 512 657 727 1123 831 1348 917 1044 1137 436 1143 1037 1125 1300 1239 1021 1545 406 1482 1049 1393 1384 1588 1118 1935 700 1811 1252 1626 1563 1565 1994 1819 1872 2239 1794 1940 2105 1639 2402
